180
000000000000.754907476970 000000000000.375096370470 
000000000000.764692174682 000000000000.375866442881 
000000000000.774386290252 000000000000.377401839950 
000000000000.783930056233 000000000000.379693095443 
000000000000.793264632135 000000000000.382726083010 
000000000000.802332467192 000000000000.386482103272 
000000000000.811077655187 000000000000.390937999116 
000000000000.819446279127 000000000000.396066298462 
000000000000.827386743664 000000000000.401835383640 
000000000000.834850093192 000000000000.408209686321 
000000000000.841790313679 000000000000.415149906808 
000000000000.848164616360 000000000000.422613256336 
000000000000.853933701538 000000000000.430553720873 
000000000000.859062000884 000000000000.438922344813 
000000000000.863517896728 000000000000.447667532808 
000000000000.867273916990 000000000000.456735367865 
000000000000.870306904557 000000000000.466069943767 
000000000000.872598160050 000000000000.475613709748 
000000000000.874133557119 000000000000.485307825318 
000000000000.874903629530 000000000000.495092523030 
000000000000.874903629530 000000000000.504907476970 
000000000000.874133557119 000000000000.514692174682 
000000000000.872598160050 000000000000.524386290252 
000000000000.870306904557 000000000000.533930056233 
000000000000.867273916990 000000000000.543264632135 
000000000000.863517896728 000000000000.552332467192 
000000000000.859062000884 000000000000.561077655187 
000000000000.853933701538 000000000000.569446279127 
000000000000.848164616360 000000000000.577386743664 
000000000000.841790313679 000000000000.584850093192 
000000000000.834850093192 000000000000.591790313679 
000000000000.827386743664 000000000000.598164616360 
000000000000.819446279127 000000000000.603933701538 
000000000000.811077655187 000000000000.609062000884 
000000000000.802332467192 000000000000.613517896728 
000000000000.793264632135 000000000000.617273916990 
000000000000.783930056233 000000000000.620306904557 
000000000000.774386290252 000000000000.622598160050 
000000000000.764692174682 000000000000.624133557119 
000000000000.754907476970 000000000000.624903629530 
000000000000.745000000000 000000000000.625000000000 
000000000000.735000000000 000000000000.625000000000 
000000000000.725000000000 000000000000.625000000000 
000000000000.715000000000 000000000000.625000000000 
000000000000.705000000000 000000000000.625000000000 
000000000000.695000000000 000000000000.625000000000 
000000000000.685000000000 000000000000.625000000000 
000000000000.675000000000 000000000000.625000000000 
000000000000.665000000000 000000000000.625000000000 
000000000000.655000000000 000000000000.625000000000 
000000000000.645000000000 000000000000.625000000000 
000000000000.635000000000 000000000000.625000000000 
000000000000.625000000000 000000000000.625000000000 
000000000000.615000000000 000000000000.625000000000 
000000000000.605000000000 000000000000.625000000000 
000000000000.595000000000 000000000000.625000000000 
000000000000.585000000000 000000000000.625000000000 
000000000000.575000000000 000000000000.625000000000 
000000000000.565000000000 000000000000.625000000000 
000000000000.555000000000 000000000000.625000000000 
000000000000.545000000000 000000000000.625000000000 
000000000000.535000000000 000000000000.625000000000 
000000000000.525000000000 000000000000.625000000000 
000000000000.515000000000 000000000000.625000000000 
000000000000.505000000000 000000000000.625000000000 
000000000000.495000000000 000000000000.625000000000 
000000000000.485000000000 000000000000.625000000000 
000000000000.475000000000 000000000000.625000000000 
000000000000.465000000000 000000000000.625000000000 
000000000000.455000000000 000000000000.625000000000 
000000000000.445000000000 000000000000.625000000000 
000000000000.435000000000 000000000000.625000000000 
000000000000.425000000000 000000000000.625000000000 
000000000000.415000000000 000000000000.625000000000 
000000000000.405000000000 000000000000.625000000000 
000000000000.395000000000 000000000000.625000000000 
000000000000.385000000000 000000000000.625000000000 
000000000000.375000000000 000000000000.625000000000 
000000000000.365000000000 000000000000.625000000000 
000000000000.355000000000 000000000000.625000000000 
000000000000.345000000000 000000000000.625000000000 
000000000000.335000000000 000000000000.625000000000 
000000000000.325000000000 000000000000.625000000000 
000000000000.315000000000 000000000000.625000000000 
000000000000.305000000000 000000000000.625000000000 
000000000000.295000000000 000000000000.625000000000 
000000000000.285000000000 000000000000.625000000000 
000000000000.275000000000 000000000000.625000000000 
000000000000.265000000000 000000000000.625000000000 
000000000000.255000000000 000000000000.625000000000 
000000000000.245092523030 000000000000.624903629530 
000000000000.235307825318 000000000000.624133557119 
000000000000.225613709748 000000000000.622598160050 
000000000000.216069943767 000000000000.620306904557 
000000000000.206735367865 000000000000.617273916990 
000000000000.197667532808 000000000000.613517896728 
000000000000.188922344813 000000000000.609062000884 
000000000000.180553720873 000000000000.603933701538 
000000000000.172613256336 000000000000.598164616360 
000000000000.165149906808 000000000000.591790313679 
000000000000.158209686321 000000000000.584850093192 
000000000000.151835383640 000000000000.577386743664 
000000000000.146066298462 000000000000.569446279127 
000000000000.140937999116 000000000000.561077655187 
000000000000.136482103272 000000000000.552332467192 
000000000000.132726083010 000000000000.543264632135 
000000000000.129693095443 000000000000.533930056233 
000000000000.127401839950 000000000000.524386290252 
000000000000.125866442881 000000000000.514692174682 
000000000000.125096370470 000000000000.504907476970 
000000000000.125096370470 000000000000.495092523030 
000000000000.125866442881 000000000000.485307825318 
000000000000.127401839950 000000000000.475613709748 
000000000000.129693095443 000000000000.466069943767 
000000000000.132726083010 000000000000.456735367865 
000000000000.136482103272 000000000000.447667532808 
000000000000.140937999116 000000000000.438922344813 
000000000000.146066298462 000000000000.430553720873 
000000000000.151835383640 000000000000.422613256336 
000000000000.158209686321 000000000000.415149906808 
000000000000.165149906808 000000000000.408209686321 
000000000000.172613256336 000000000000.401835383640 
000000000000.180553720873 000000000000.396066298462 
000000000000.188922344813 000000000000.390937999116 
000000000000.197667532808 000000000000.386482103272 
000000000000.206735367865 000000000000.382726083010 
000000000000.216069943767 000000000000.379693095443 
000000000000.225613709748 000000000000.377401839950 
000000000000.235307825318 000000000000.375866442881 
000000000000.245092523030 000000000000.375096370470 
000000000000.255000000000 000000000000.375000000000 
000000000000.265000000000 000000000000.375000000000 
000000000000.275000000000 000000000000.375000000000 
000000000000.285000000000 000000000000.375000000000 
000000000000.295000000000 000000000000.375000000000 
000000000000.305000000000 000000000000.375000000000 
000000000000.315000000000 000000000000.375000000000 
000000000000.325000000000 000000000000.375000000000 
000000000000.335000000000 000000000000.375000000000 
000000000000.345000000000 000000000000.375000000000 
000000000000.355000000000 000000000000.375000000000 
000000000000.365000000000 000000000000.375000000000 
000000000000.375000000000 000000000000.375000000000 
000000000000.385000000000 000000000000.375000000000 
000000000000.395000000000 000000000000.375000000000 
000000000000.405000000000 000000000000.375000000000 
000000000000.415000000000 000000000000.375000000000 
000000000000.425000000000 000000000000.375000000000 
000000000000.435000000000 000000000000.375000000000 
000000000000.445000000000 000000000000.375000000000 
000000000000.455000000000 000000000000.375000000000 
000000000000.465000000000 000000000000.375000000000 
000000000000.475000000000 000000000000.375000000000 
000000000000.485000000000 000000000000.375000000000 
000000000000.495000000000 000000000000.375000000000 
000000000000.505000000000 000000000000.375000000000 
000000000000.515000000000 000000000000.375000000000 
000000000000.525000000000 000000000000.375000000000 
000000000000.535000000000 000000000000.375000000000 
000000000000.545000000000 000000000000.375000000000 
000000000000.555000000000 000000000000.375000000000 
000000000000.565000000000 000000000000.375000000000 
000000000000.575000000000 000000000000.375000000000 
000000000000.585000000000 000000000000.375000000000 
000000000000.595000000000 000000000000.375000000000 
000000000000.605000000000 000000000000.375000000000 
000000000000.615000000000 000000000000.375000000000 
000000000000.625000000000 000000000000.375000000000 
000000000000.635000000000 000000000000.375000000000 
000000000000.645000000000 000000000000.375000000000 
000000000000.655000000000 000000000000.375000000000 
000000000000.665000000000 000000000000.375000000000 
000000000000.675000000000 000000000000.375000000000 
000000000000.685000000000 000000000000.375000000000 
000000000000.695000000000 000000000000.375000000000 
000000000000.705000000000 000000000000.375000000000 
000000000000.715000000000 000000000000.375000000000 
000000000000.725000000000 000000000000.375000000000 
000000000000.735000000000 000000000000.375000000000 
000000000000.745000000000 000000000000.375000000000 
